-17.955671 
 -3.277775 
0.160406 
0.380693 
-0.215154 
0.000000 
0.000000 
 5.800000 4.000000 1.200000 0.200000 0.000000 0.000000 

11.854923 
 2.356212 
-0.244205 
-0.812278 
0.702234 
0.000000 
0.000000 
 5.800000 4.000000 1.200000 0.200000 0.000000 0.000000 

-2.603344 
 -0.612342 
0.118710 
0.472553 
-0.468334 
0.000000 
0.000000 
 5.800000 4.000000 1.200000 0.200000 0.000000 0.000000 


-15.600616 
 -3.277775 
0.160406 
0.380693 
-0.215154 
0.000000 
0.000000 
 5.100000 3.800000 1.500000 0.300000 0.000000 0.000000 

10.080955 
 2.356212 
-0.244205 
-0.812278 
0.702234 
0.000000 
0.000000 
 5.100000 3.800000 1.500000 0.300000 0.000000 0.000000 

-2.103514 
 -0.612342 
0.118710 
0.472553 
-0.468334 
0.000000 
0.000000 
 5.100000 3.800000 1.500000 0.300000 0.000000 0.000000 


-15.638172 
 -3.277775 
0.160406 
0.380693 
-0.215154 
0.000000 
0.000000 
 5.100000 3.700000 1.500000 0.400000 0.000000 0.000000 

10.175599 
 2.356212 
-0.244205 
-0.812278 
0.702234 
0.000000 
0.000000 
 5.100000 3.700000 1.500000 0.400000 0.000000 0.000000 

-2.162218 
 -0.612342 
0.118710 
0.472553 
-0.468334 
0.000000 
0.000000 
 5.100000 3.700000 1.500000 0.400000 0.000000 0.000000 


-14.740648 
 -3.277775 
0.160406 
0.380693 
-0.215154 
0.000000 
0.000000 
 4.800000 3.000000 1.400000 0.100000 0.000000 0.000000 

9.510237 
 2.356212 
-0.244205 
-0.812278 
0.702234 
0.000000 
0.000000 
 4.800000 3.000000 1.400000 0.100000 0.000000 0.000000 

-1.968368 
 -0.612342 
0.118710 
0.472553 
-0.468334 
0.000000 
0.000000 
 4.800000 3.000000 1.400000 0.100000 0.000000 0.000000 


-16.578475 
 -3.277775 
0.160406 
0.380693 
-0.215154 
0.000000 
0.000000 
 5.400000 3.700000 1.500000 0.200000 0.000000 0.000000 

10.742016 
 2.356212 
-0.244205 
-0.812278 
0.702234 
0.000000 
0.000000 
 5.400000 3.700000 1.500000 0.200000 0.000000 0.000000 

-2.252254 
 -0.612342 
0.118710 
0.472553 
-0.468334 
0.000000 
0.000000 
 5.400000 3.700000 1.500000 0.200000 0.000000 0.000000 


-13.467094 
 -3.277775 
0.160406 
0.380693 
-0.215154 
0.000000 
0.000000 
 4.400000 2.900000 1.400000 0.200000 0.000000 0.000000 

8.662396 
 2.356212 
-0.244205 
-0.812278 
0.702234 
0.000000 
0.000000 
 4.400000 2.900000 1.400000 0.200000 0.000000 0.000000 

-1.782136 
 -0.612342 
0.118710 
0.472553 
-0.468334 
0.000000 
0.000000 
 4.400000 2.900000 1.400000 0.200000 0.000000 0.000000 


-15.315486 
 -3.277775 
0.160406 
0.380693 
-0.215154 
0.000000 
0.000000 
 5.000000 3.400000 1.500000 0.200000 0.000000 0.000000 

9.872793 
 2.356212 
-0.244205 
-0.812278 
0.702234 
0.000000 
0.000000 
 5.000000 3.400000 1.500000 0.200000 0.000000 0.000000 

-2.042930 
 -0.612342 
0.118710 
0.472553 
-0.468334 
0.000000 
0.000000 
 5.000000 3.400000 1.500000 0.200000 0.000000 0.000000 


-14.052498 
 -3.277775 
0.160406 
0.380693 
-0.215154 
0.000000 
0.000000 
 4.600000 3.100000 1.500000 0.200000 0.000000 0.000000 

9.003569 
 2.356212 
-0.244205 
-0.812278 
0.702234 
0.000000 
0.000000 
 4.600000 3.100000 1.500000 0.200000 0.000000 0.000000 

-1.833607 
 -0.612342 
0.118710 
0.472553 
-0.468334 
0.000000 
0.000000 
 4.600000 3.100000 1.500000 0.200000 0.000000 0.000000 


-14.440373 
 -3.277775 
0.160406 
0.380693 
-0.215154 
0.000000 
0.000000 
 4.700000 3.200000 1.300000 0.200000 0.000000 0.000000 

9.377225 
 2.356212 
-0.244205 
-0.812278 
0.702234 
0.000000 
0.000000 
 4.700000 3.200000 1.300000 0.200000 0.000000 0.000000 

-1.977481 
 -0.612342 
0.118710 
0.472553 
-0.468334 
0.000000 
0.000000 
 4.700000 3.200000 1.300000 0.200000 0.000000 0.000000 


-15.089941 
 -3.277775 
0.160406 
0.380693 
-0.215154 
0.000000 
0.000000 
 4.900000 3.000000 1.400000 0.200000 0.000000 0.000000 

9.816082 
 2.356212 
-0.244205 
-0.812278 
0.702234 
0.000000 
0.000000 
 4.900000 3.000000 1.400000 0.200000 0.000000 0.000000 

-2.076436 
 -0.612342 
0.118710 
0.472553 
-0.468334 
0.000000 
0.000000 
 4.900000 3.000000 1.400000 0.200000 0.000000 0.000000 


-14.972182 
 -3.277775 
0.160406 
0.380693 
-0.215154 
0.000000 
0.000000 
 4.900000 3.600000 1.400000 0.100000 0.000000 0.000000 

9.599335 
 2.356212 
-0.244205 
-0.812278 
0.702234 
0.000000 
0.000000 
 4.900000 3.600000 1.400000 0.100000 0.000000 0.000000 

-1.958376 
 -0.612342 
0.118710 
0.472553 
-0.468334 
0.000000 
0.000000 
 4.900000 3.600000 1.400000 0.100000 0.000000 0.000000 


-15.320448 
 -3.277775 
0.160406 
0.380693 
-0.215154 
0.000000 
0.000000 
 5.000000 3.400000 1.600000 0.400000 0.000000 0.000000 

9.932012 
 2.356212 
-0.244205 
-0.812278 
0.702234 
0.000000 
0.000000 
 5.000000 3.400000 1.600000 0.400000 0.000000 0.000000 

-2.089342 
 -0.612342 
0.118710 
0.472553 
-0.468334 
0.000000 
0.000000 
 5.000000 3.400000 1.600000 0.400000 0.000000 0.000000 


-14.783679 
 -3.277775 
0.160406 
0.380693 
-0.215154 
0.000000 
0.000000 
 4.800000 3.000000 1.400000 0.300000 0.000000 0.000000 

9.650684 
 2.356212 
-0.244205 
-0.812278 
0.702234 
0.000000 
0.000000 
 4.800000 3.000000 1.400000 0.300000 0.000000 0.000000 

-2.062035 
 -0.612342 
0.118710 
0.472553 
-0.468334 
0.000000 
0.000000 
 4.800000 3.000000 1.400000 0.300000 0.000000 0.000000 


-15.469854 
 -3.277775 
0.160406 
0.380693 
-0.215154 
0.000000 
0.000000 
 5.100000 3.800000 1.900000 0.400000 0.000000 0.000000 

9.826267 
 2.356212 
-0.244205 
-0.812278 
0.702234 
0.000000 
0.000000 
 5.100000 3.800000 1.900000 0.400000 0.000000 0.000000 

-1.961326 
 -0.612342 
0.118710 
0.472553 
-0.468334 
0.000000 
0.000000 
 5.100000 3.800000 1.900000 0.400000 0.000000 0.000000 


-15.347438 
 -3.277775 
0.160406 
0.380693 
-0.215154 
0.000000 
0.000000 
 5.000000 3.500000 1.600000 0.600000 0.000000 0.000000 

10.048038 
 2.356212 
-0.244205 
-0.812278 
0.702234 
0.000000 
0.000000 
 5.000000 3.500000 1.600000 0.600000 0.000000 0.000000 

-2.171138 
 -0.612342 
0.118710 
0.472553 
-0.468334 
0.000000 
0.000000 
 5.000000 3.500000 1.600000 0.600000 0.000000 0.000000 


-15.397100 
 -3.277775 
0.160406 
0.380693 
-0.215154 
0.000000 
0.000000 
 5.000000 3.500000 1.300000 0.300000 0.000000 0.000000 

10.081051 
 2.356212 
-0.244205 
-0.812278 
0.702234 
0.000000 
0.000000 
 5.000000 3.500000 1.300000 0.300000 0.000000 0.000000 

-2.172403 
 -0.612342 
0.118710 
0.472553 
-0.468334 
0.000000 
0.000000 
 5.000000 3.500000 1.300000 0.300000 0.000000 0.000000 


-15.665292 
 -3.277775 
0.160406 
0.380693 
-0.215154 
0.000000 
0.000000 
 5.100000 3.500000 1.400000 0.200000 0.000000 0.000000 

10.165221 
 2.356212 
-0.244205 
-0.812278 
0.702234 
0.000000 
0.000000 
 5.100000 3.500000 1.400000 0.200000 0.000000 0.000000 

-2.139549 
 -0.612342 
0.118710 
0.472553 
-0.468334 
0.000000 
0.000000 
 5.100000 3.500000 1.400000 0.200000 0.000000 0.000000 


-15.341579 
 -3.277775 
0.160406 
0.380693 
-0.215154 
0.000000 
0.000000 
 5.000000 3.000000 1.600000 0.200000 0.000000 0.000000 

9.889247 
 2.356212 
-0.244205 
-0.812278 
0.702234 
0.000000 
0.000000 
 5.000000 3.000000 1.600000 0.200000 0.000000 0.000000 

-2.043159 
 -0.612342 
0.118710 
0.472553 
-0.468334 
0.000000 
0.000000 
 5.000000 3.000000 1.600000 0.200000 0.000000 0.000000 


-17.014472 
 -3.277775 
0.160406 
0.380693 
-0.215154 
0.000000 
0.000000 
 5.500000 3.500000 1.300000 0.200000 0.000000 0.000000 

11.188934 
 2.356212 
-0.244205 
-0.812278 
0.702234 
0.000000 
0.000000 
 5.500000 3.500000 1.300000 0.200000 0.000000 0.000000 

-2.431741 
 -0.612342 
0.118710 
0.472553 
-0.468334 
0.000000 
0.000000 
 5.500000 3.500000 1.300000 0.200000 0.000000 0.000000 


-15.461775 
 -3.277775 
0.160406 
0.380693 
-0.215154 
0.000000 
0.000000 
 5.000000 3.200000 1.200000 0.200000 0.000000 0.000000 

10.165317 
 2.356212 
-0.244205 
-0.812278 
0.702234 
0.000000 
0.000000 
 5.000000 3.200000 1.200000 0.200000 0.000000 0.000000 

-2.208438 
 -0.612342 
0.118710 
0.472553 
-0.468334 
0.000000 
0.000000 
 5.000000 3.200000 1.200000 0.200000 0.000000 0.000000 


-15.035831 
 -3.277775 
0.160406 
0.380693 
-0.215154 
0.000000 
0.000000 
 4.900000 3.100000 1.500000 0.200000 0.000000 0.000000 

9.710433 
 2.356212 
-0.244205 
-0.812278 
0.702234 
0.000000 
0.000000 
 4.900000 3.100000 1.500000 0.200000 0.000000 0.000000 

-2.017309 
 -0.612342 
0.118710 
0.472553 
-0.468334 
0.000000 
0.000000 
 4.900000 3.100000 1.500000 0.200000 0.000000 0.000000 


-16.864118 
 -3.277775 
0.160406 
0.380693 
-0.215154 
0.000000 
0.000000 
 5.500000 4.200000 1.400000 0.200000 0.000000 0.000000 

10.936762 
 2.356212 
-0.244205 
-0.812278 
0.702234 
0.000000 
0.000000 
 5.500000 4.200000 1.400000 0.200000 0.000000 0.000000 

-2.301388 
 -0.612342 
0.118710 
0.472553 
-0.468334 
0.000000 
0.000000 
 5.500000 4.200000 1.400000 0.200000 0.000000 0.000000 


-16.669627 
 -3.277775 
0.160406 
0.380693 
-0.215154 
0.000000 
0.000000 
 5.400000 3.400000 1.500000 0.400000 0.000000 0.000000 

10.955725 
 2.356212 
-0.244205 
-0.812278 
0.702234 
0.000000 
0.000000 
 5.400000 3.400000 1.500000 0.400000 0.000000 0.000000 

-2.381534 
 -0.612342 
0.118710 
0.472553 
-0.468334 
0.000000 
0.000000 
 5.400000 3.400000 1.500000 0.400000 0.000000 0.000000 


-15.369596 
 -3.277775 
0.160406 
0.380693 
-0.215154 
0.000000 
0.000000 
 5.000000 3.300000 1.400000 0.200000 0.000000 0.000000 

9.978441 
 2.356212 
-0.244205 
-0.812278 
0.702234 
0.000000 
0.000000 
 5.000000 3.300000 1.400000 0.200000 0.000000 0.000000 

-2.102057 
 -0.612342 
0.118710 
0.472553 
-0.468334 
0.000000 
0.000000 
 5.000000 3.300000 1.400000 0.200000 0.000000 0.000000 


-16.665563 
 -3.277775 
0.160406 
0.380693 
-0.215154 
0.000000 
0.000000 
 5.400000 3.900000 1.300000 0.400000 0.000000 0.000000 

10.996078 
 2.356212 
-0.244205 
-0.812278 
0.702234 
0.000000 
0.000000 
 5.400000 3.900000 1.300000 0.400000 0.000000 0.000000 

-2.416689 
 -0.612342 
0.118710 
0.472553 
-0.468334 
0.000000 
0.000000 
 5.400000 3.900000 1.300000 0.400000 0.000000 0.000000 


-15.686807 
 -3.277775 
0.160406 
0.380693 
-0.215154 
0.000000 
0.000000 
 5.100000 3.500000 1.400000 0.300000 0.000000 0.000000 

10.235444 
 2.356212 
-0.244205 
-0.812278 
0.702234 
0.000000 
0.000000 
 5.100000 3.500000 1.400000 0.300000 0.000000 0.000000 

-2.186382 
 -0.612342 
0.118710 
0.472553 
-0.468334 
0.000000 
0.000000 
 5.100000 3.500000 1.400000 0.300000 0.000000 0.000000 


-17.492553 
 -3.277775 
0.160406 
0.380693 
-0.215154 
0.000000 
0.000000 
 5.700000 4.400000 1.500000 0.400000 0.000000 0.000000 

11.418382 
 2.356212 
-0.244205 
-0.812278 
0.702234 
0.000000 
0.000000 
 5.700000 4.400000 1.500000 0.400000 0.000000 0.000000 

-2.446526 
 -0.612342 
0.118710 
0.472553 
-0.468334 
0.000000 
0.000000 
 5.700000 4.400000 1.500000 0.400000 0.000000 0.000000 


-14.507655 
 -3.277775 
0.160406 
0.380693 
-0.215154 
0.000000 
0.000000 
 4.800000 3.400000 1.900000 0.200000 0.000000 0.000000 

9.076640 
 2.356212 
-0.244205 
-0.812278 
0.702234 
0.000000 
0.000000 
 4.800000 3.400000 1.900000 0.200000 0.000000 0.000000 

-1.731441 
 -0.612342 
0.118710 
0.472553 
-0.468334 
0.000000 
0.000000 
 4.800000 3.400000 1.900000 0.200000 0.000000 0.000000 


-16.550458 
 -3.277775 
0.160406 
0.380693 
-0.215154 
0.000000 
0.000000 
 5.400000 3.400000 1.700000 0.200000 0.000000 0.000000 

10.652822 
 2.356212 
-0.244205 
-0.812278 
0.702234 
0.000000 
0.000000 
 5.400000 3.400000 1.700000 0.200000 0.000000 0.000000 

-2.193357 
 -0.612342 
0.118710 
0.472553 
-0.468334 
0.000000 
0.000000 
 5.400000 3.400000 1.700000 0.200000 0.000000 0.000000 


-14.162641 
 -3.277775 
0.160406 
0.380693 
-0.215154 
0.000000 
0.000000 
 4.600000 3.600000 1.000000 0.200000 0.000000 0.000000 

9.287606 
 2.356212 
-0.244205 
-0.812278 
0.702234 
0.000000 
0.000000 
 4.600000 3.600000 1.000000 0.200000 0.000000 0.000000 

-2.010528 
 -0.612342 
0.118710 
0.472553 
-0.468334 
0.000000 
0.000000 
 4.600000 3.600000 1.000000 0.200000 0.000000 0.000000 


-15.647712 
 -3.277775 
0.160406 
0.380693 
-0.215154 
0.000000 
0.000000 
 5.100000 3.300000 1.700000 0.500000 0.000000 0.000000 

10.181049 
 2.356212 
-0.244205 
-0.812278 
0.702234 
0.000000 
0.000000 
 5.100000 3.300000 1.700000 0.500000 0.000000 0.000000 

-2.162025 
 -0.612342 
0.118710 
0.472553 
-0.468334 
0.000000 
0.000000 
 5.100000 3.300000 1.700000 0.500000 0.000000 0.000000 


-13.489122 
 -3.277775 
0.160406 
0.380693 
-0.215154 
0.000000 
0.000000 
 4.400000 3.000000 1.300000 0.200000 0.000000 0.000000 

8.719203 
 2.356212 
-0.244205 
-0.812278 
0.702234 
0.000000 
0.000000 
 4.400000 3.000000 1.300000 0.200000 0.000000 0.000000 

-1.817520 
 -0.612342 
0.118710 
0.472553 
-0.468334 
0.000000 
0.000000 
 4.400000 3.000000 1.300000 0.200000 0.000000 0.000000 


-14.621862 
 -3.277775 
0.160406 
0.380693 
-0.215154 
0.000000 
0.000000 
 4.800000 3.400000 1.600000 0.200000 0.000000 0.000000 

9.320323 
 2.356212 
-0.244205 
-0.812278 
0.702234 
0.000000 
0.000000 
 4.800000 3.400000 1.600000 0.200000 0.000000 0.000000 

-1.873207 
 -0.612342 
0.118710 
0.472553 
-0.468334 
0.000000 
0.000000 
 4.800000 3.400000 1.600000 0.200000 0.000000 0.000000 


-15.014315 
 -3.277775 
0.160406 
0.380693 
-0.215154 
0.000000 
0.000000 
 4.900000 3.100000 1.500000 0.100000 0.000000 0.000000 

9.640210 
 2.356212 
-0.244205 
-0.812278 
0.702234 
0.000000 
0.000000 
 4.900000 3.100000 1.500000 0.100000 0.000000 0.000000 

-1.970476 
 -0.612342 
0.118710 
0.472553 
-0.468334 
0.000000 
0.000000 
 4.900000 3.100000 1.500000 0.100000 0.000000 0.000000 


-14.063960 
 -3.277775 
0.160406 
0.380693 
-0.215154 
0.000000 
0.000000 
 4.600000 3.400000 1.400000 0.300000 0.000000 0.000000 

9.081759 
 2.356212 
-0.244205 
-0.812278 
0.702234 
0.000000 
0.000000 
 4.600000 3.400000 1.400000 0.300000 0.000000 0.000000 

-1.892082 
 -0.612342 
0.118710 
0.472553 
-0.468334 
0.000000 
0.000000 
 4.600000 3.400000 1.400000 0.300000 0.000000 0.000000 


-17.491142 
 -3.277775 
0.160406 
0.380693 
-0.215154 
0.000000 
0.000000 
 5.700000 3.800000 1.700000 0.300000 0.000000 0.000000 

11.332227 
 2.356212 
-0.244205 
-0.812278 
0.702234 
0.000000 
0.000000 
 5.700000 3.800000 1.700000 0.300000 0.000000 0.000000 

-2.376408 
 -0.612342 
0.118710 
0.472553 
-0.468334 
0.000000 
0.000000 
 5.700000 3.800000 1.700000 0.300000 0.000000 0.000000 


-15.321474 
 -3.277775 
0.160406 
0.380693 
-0.215154 
0.000000 
0.000000 
 5.000000 3.600000 1.400000 0.200000 0.000000 0.000000 

9.905180 
 2.356212 
-0.244205 
-0.812278 
0.702234 
0.000000 
0.000000 
 5.000000 3.600000 1.400000 0.200000 0.000000 0.000000 

-2.066444 
 -0.612342 
0.118710 
0.472553 
-0.468334 
0.000000 
0.000000 
 5.000000 3.600000 1.400000 0.200000 0.000000 0.000000 


-16.250697 
 -3.277775 
0.160406 
0.380693 
-0.215154 
0.000000 
0.000000 
 5.300000 3.700000 1.500000 0.200000 0.000000 0.000000 

10.506395 
 2.356212 
-0.244205 
-0.812278 
0.702234 
0.000000 
0.000000 
 5.300000 3.700000 1.500000 0.200000 0.000000 0.000000 

-2.191020 
 -0.612342 
0.118710 
0.472553 
-0.468334 
0.000000 
0.000000 
 5.300000 3.700000 1.500000 0.200000 0.000000 0.000000 


-14.074526 
 -3.277775 
0.160406 
0.380693 
-0.215154 
0.000000 
0.000000 
 4.600000 3.200000 1.400000 0.200000 0.000000 0.000000 

9.060377 
 2.356212 
-0.244205 
-0.812278 
0.702234 
0.000000 
0.000000 
 4.600000 3.200000 1.400000 0.200000 0.000000 0.000000 

-1.868991 
 -0.612342 
0.118710 
0.472553 
-0.468334 
0.000000 
0.000000 
 4.600000 3.200000 1.400000 0.200000 0.000000 0.000000 


-15.541031 
 -3.277775 
0.160406 
0.380693 
-0.215154 
0.000000 
0.000000 
 5.100000 3.800000 1.600000 0.200000 0.000000 0.000000 

9.929504 
 2.356212 
-0.244205 
-0.812278 
0.702234 
0.000000 
0.000000 
 5.100000 3.800000 1.600000 0.200000 0.000000 0.000000 

-2.009425 
 -0.612342 
0.118710 
0.472553 
-0.468334 
0.000000 
0.000000 
 5.100000 3.800000 1.600000 0.200000 0.000000 0.000000 


-13.457041 
 -3.277775 
0.160406 
0.380693 
-0.215154 
0.000000 
0.000000 
 4.400000 3.200000 1.300000 0.200000 0.000000 0.000000 

8.670362 
 2.356212 
-0.244205 
-0.812278 
0.702234 
0.000000 
0.000000 
 4.400000 3.200000 1.300000 0.200000 0.000000 0.000000 

-1.793778 
 -0.612342 
0.118710 
0.472553 
-0.468334 
0.000000 
0.000000 
 4.400000 3.200000 1.300000 0.200000 0.000000 0.000000 


-13.950700 
 -3.277775 
0.160406 
0.380693 
-0.215154 
0.000000 
0.000000 
 4.500000 2.300000 1.300000 0.300000 0.000000 0.000000 

9.195992 
 2.356212 
-0.244205 
-0.812278 
0.702234 
0.000000 
0.000000 
 4.500000 2.300000 1.300000 0.300000 0.000000 0.000000 

-2.008685 
 -0.612342 
0.118710 
0.472553 
-0.468334 
0.000000 
0.000000 
 4.500000 2.300000 1.300000 0.300000 0.000000 0.000000 


-15.643263 
 -3.277775 
0.160406 
0.380693 
-0.215154 
0.000000 
0.000000 
 5.100000 3.400000 1.500000 0.200000 0.000000 0.000000 

10.108414 
 2.356212 
-0.244205 
-0.812278 
0.702234 
0.000000 
0.000000 
 5.100000 3.400000 1.500000 0.200000 0.000000 0.000000 

-2.104165 
 -0.612342 
0.118710 
0.472553 
-0.468334 
0.000000 
0.000000 
 5.100000 3.400000 1.500000 0.200000 0.000000 0.000000 


-15.837241 
 -3.277775 
0.160406 
0.380693 
-0.215154 
0.000000 
0.000000 
 5.200000 4.100000 1.500000 0.100000 0.000000 0.000000 

10.102868 
 2.356212 
-0.244205 
-0.812278 
0.702234 
0.000000 
0.000000 
 5.200000 4.100000 1.500000 0.100000 0.000000 0.000000 

-2.035468 
 -0.612342 
0.118710 
0.472553 
-0.468334 
0.000000 
0.000000 
 5.200000 4.100000 1.500000 0.100000 0.000000 0.000000 


-14.669984 
 -3.277775 
0.160406 
0.380693 
-0.215154 
0.000000 
0.000000 
 4.800000 3.100000 1.600000 0.200000 0.000000 0.000000 

9.393585 
 2.356212 
-0.244205 
-0.812278 
0.702234 
0.000000 
0.000000 
 4.800000 3.100000 1.600000 0.200000 0.000000 0.000000 

-1.908820 
 -0.612342 
0.118710 
0.472553 
-0.468334 
0.000000 
0.000000 
 4.800000 3.100000 1.600000 0.200000 0.000000 0.000000 


-14.326165 
 -3.277775 
0.160406 
0.380693 
-0.215154 
0.000000 
0.000000 
 4.700000 3.200000 1.600000 0.200000 0.000000 0.000000 

9.133542 
 2.356212 
-0.244205 
-0.812278 
0.702234 
0.000000 
0.000000 
 4.700000 3.200000 1.600000 0.200000 0.000000 0.000000 

-1.835715 
 -0.612342 
0.118710 
0.472553 
-0.468334 
0.000000 
0.000000 
 4.700000 3.200000 1.600000 0.200000 0.000000 0.000000 


-16.009110 
 -3.277775 
0.160406 
0.380693 
-0.215154 
0.000000 
0.000000 
 5.200000 3.400000 1.400000 0.200000 0.000000 0.000000 

10.425263 
 2.356212 
-0.244205 
-0.812278 
0.702234 
0.000000 
0.000000 
 5.200000 3.400000 1.400000 0.200000 0.000000 0.000000 

-2.212654 
 -0.612342 
0.118710 
0.472553 
-0.468334 
0.000000 
0.000000 
 5.200000 3.400000 1.400000 0.200000 0.000000 0.000000 


-15.955000 
 -3.277775 
0.160406 
0.380693 
-0.215154 
0.000000 
0.000000 
 5.200000 3.500000 1.500000 0.200000 0.000000 0.000000 

10.319614 
 2.356212 
-0.244205 
-0.812278 
0.702234 
0.000000 
0.000000 
 5.200000 3.500000 1.500000 0.200000 0.000000 0.000000 

-2.153528 
 -0.612342 
0.118710 
0.472553 
-0.468334 
0.000000 
0.000000 
 5.200000 3.500000 1.500000 0.200000 0.000000 0.000000 


-16.513286 
 -3.277775 
0.160406 
0.380693 
-0.215154 
0.000000 
0.000000 
 5.400000 3.900000 1.700000 0.400000 0.000000 0.000000 

10.671166 
 2.356212 
-0.244205 
-0.812278 
0.702234 
0.000000 
0.000000 
 5.400000 3.900000 1.700000 0.400000 0.000000 0.000000 

-2.227668 
 -0.612342 
0.118710 
0.472553 
-0.468334 
0.000000 
0.000000 
 5.400000 3.900000 1.700000 0.400000 0.000000 0.000000 


-13.215968 
 -3.277775 
0.160406 
0.380693 
-0.215154 
0.000000 
0.000000 
 4.300000 3.000000 1.100000 0.100000 0.000000 0.000000 

8.575815 
 2.356212 
-0.244205 
-0.812278 
0.702234 
0.000000 
0.000000 
 4.300000 3.000000 1.100000 0.100000 0.000000 0.000000 

-1.803963 
 -0.612342 
0.118710 
0.472553 
-0.468334 
0.000000 
0.000000 
 4.300000 3.000000 1.100000 0.100000 0.000000 0.000000 


-18.302220 
 -3.277775 
0.160406 
0.380693 
-0.215154 
0.000000 
0.000000 
 6.100000 2.800000 4.000000 1.300000 0.000000 0.000000 

11.352912 
 2.356212 
-0.244205 
-0.812278 
0.702234 
0.000000 
0.000000 
 6.100000 2.800000 4.000000 1.300000 0.000000 0.000000 

-2.121518 
 -0.612342 
0.118710 
0.472553 
-0.468334 
0.000000 
0.000000 
 6.100000 2.800000 4.000000 1.300000 0.000000 0.000000 


-17.385526 
 -3.277775 
0.160406 
0.380693 
-0.215154 
0.000000 
0.000000 
 5.900000 3.200000 4.800000 1.800000 0.000000 0.000000 

10.485282 
 2.356212 
-0.244205 
-0.812278 
0.702234 
0.000000 
0.000000 
 5.900000 3.200000 4.800000 1.800000 0.000000 0.000000 

-1.807690 
 -0.612342 
0.118710 
0.472553 
-0.468334 
0.000000 
0.000000 
 5.900000 3.200000 4.800000 1.800000 0.000000 0.000000 


-16.706493 
 -3.277775 
0.160406 
0.380693 
-0.215154 
0.000000 
0.000000 
 5.600000 2.500000 3.900000 1.100000 0.000000 0.000000 

10.188848 
 2.356212 
-0.244205 
-0.812278 
0.702234 
0.000000 
0.000000 
 5.600000 2.500000 3.900000 1.100000 0.000000 0.000000 

-1.804549 
 -0.612342 
0.118710 
0.472553 
-0.468334 
0.000000 
0.000000 
 5.600000 2.500000 3.900000 1.100000 0.000000 0.000000 


-18.578925 
 -3.277775 
0.160406 
0.380693 
-0.215154 
0.000000 
0.000000 
 6.200000 2.200000 4.500000 1.500000 0.000000 0.000000 

11.469364 
 2.356212 
-0.244205 
-0.812278 
0.702234 
0.000000 
0.000000 
 6.200000 2.200000 4.500000 1.500000 0.000000 0.000000 

-2.111369 
 -0.612342 
0.118710 
0.472553 
-0.468334 
0.000000 
0.000000 
 6.200000 2.200000 4.500000 1.500000 0.000000 0.000000 


-17.232313 
 -3.277775 
0.160406 
0.380693 
-0.215154 
0.000000 
0.000000 
 5.800000 2.700000 4.100000 1.000000 0.000000 0.000000 

10.378571 
 2.356212 
-0.244205 
-0.812278 
0.702234 
0.000000 
0.000000 
 5.800000 2.700000 4.100000 1.000000 0.000000 0.000000 

-1.761931 
 -0.612342 
0.118710 
0.472553 
-0.468334 
0.000000 
0.000000 
 5.800000 2.700000 4.100000 1.000000 0.000000 0.000000 


-18.041210 
 -3.277775 
0.160406 
0.380693 
-0.215154 
0.000000 
0.000000 
 6.100000 2.900000 4.700000 1.400000 0.000000 0.000000 

10.830120 
 2.356212 
-0.244205 
-0.812278 
0.702234 
0.000000 
0.000000 
 6.100000 2.900000 4.700000 1.400000 0.000000 0.000000 

-1.825693 
 -0.612342 
0.118710 
0.472553 
-0.468334 
0.000000 
0.000000 
 6.100000 2.900000 4.700000 1.400000 0.000000 0.000000 


-15.427847 
 -3.277775 
0.160406 
0.380693 
-0.215154 
0.000000 
0.000000 
 5.200000 2.700000 3.900000 1.400000 0.000000 0.000000 

9.408192 
 2.356212 
-0.244205 
-0.812278 
0.702234 
0.000000 
0.000000 
 5.200000 2.700000 3.900000 1.400000 0.000000 0.000000 

-1.676370 
 -0.612342 
0.118710 
0.472553 
-0.468334 
0.000000 
0.000000 
 5.200000 2.700000 3.900000 1.400000 0.000000 0.000000 


-19.696651 
 -3.277775 
0.160406 
0.380693 
-0.215154 
0.000000 
0.000000 
 6.600000 2.900000 4.600000 1.300000 0.000000 0.000000 

12.019231 
 2.356212 
-0.244205 
-0.812278 
0.702234 
0.000000 
0.000000 
 6.600000 2.900000 4.600000 1.300000 0.000000 0.000000 

-2.132286 
 -0.612342 
0.118710 
0.472553 
-0.468334 
0.000000 
0.000000 
 6.600000 2.900000 4.600000 1.300000 0.000000 0.000000 


-18.675634 
 -3.277775 
0.160406 
0.380693 
-0.215154 
0.000000 
0.000000 
 6.300000 3.300000 4.700000 1.600000 0.000000 0.000000 

11.344128 
 2.356212 
-0.244205 
-0.812278 
0.702234 
0.000000 
0.000000 
 6.300000 3.300000 4.700000 1.600000 0.000000 0.000000 

-1.994345 
 -0.612342 
0.118710 
0.472553 
-0.468334 
0.000000 
0.000000 
 6.300000 3.300000 4.700000 1.600000 0.000000 0.000000 


-19.427945 
 -3.277775 
0.160406 
0.380693 
-0.215154 
0.000000 
0.000000 
 6.500000 2.800000 4.600000 1.500000 0.000000 0.000000 

11.948477 
 2.356212 
-0.244205 
-0.812278 
0.702234 
0.000000 
0.000000 
 6.500000 2.800000 4.600000 1.500000 0.000000 0.000000 

-2.176590 
 -0.612342 
0.118710 
0.472553 
-0.468334 
0.000000 
0.000000 
 6.500000 2.800000 4.600000 1.500000 0.000000 0.000000 


-16.415758 
 -3.277775 
0.160406 
0.380693 
-0.215154 
0.000000 
0.000000 
 5.500000 2.300000 4.000000 1.300000 0.000000 0.000000 

10.061287 
 2.356212 
-0.244205 
-0.812278 
0.702234 
0.000000 
0.000000 
 5.500000 2.300000 4.000000 1.300000 0.000000 0.000000 

-1.813468 
 -0.612342 
0.118710 
0.472553 
-0.468334 
0.000000 
0.000000 
 5.500000 2.300000 4.000000 1.300000 0.000000 0.000000 


-19.074075 
 -3.277775 
0.160406 
0.380693 
-0.215154 
0.000000 
0.000000 
 6.400000 3.200000 4.500000 1.500000 0.000000 0.000000 

11.696401 
 2.356212 
-0.244205 
-0.812278 
0.702234 
0.000000 
0.000000 
 6.400000 3.200000 4.500000 1.500000 0.000000 0.000000 

-2.115127 
 -0.612342 
0.118710 
0.472553 
-0.468334 
0.000000 
0.000000 
 6.400000 3.200000 4.500000 1.500000 0.000000 0.000000 


-16.953040 
 -3.277775 
0.160406 
0.380693 
-0.215154 
0.000000 
0.000000 
 5.700000 2.800000 4.100000 1.300000 0.000000 0.000000 

10.329199 
 2.356212 
-0.244205 
-0.812278 
0.702234 
0.000000 
0.000000 
 5.700000 2.800000 4.100000 1.300000 0.000000 0.000000 

-1.829326 
 -0.612342 
0.118710 
0.472553 
-0.468334 
0.000000 
0.000000 
 5.700000 2.800000 4.100000 1.300000 0.000000 0.000000 


-18.499748 
 -3.277775 
0.160406 
0.380693 
-0.215154 
0.000000 
0.000000 
 6.200000 2.900000 4.300000 1.300000 0.000000 0.000000 

11.320429 
 2.356212 
-0.244205 
-0.812278 
0.702234 
0.000000 
0.000000 
 6.200000 2.900000 4.300000 1.300000 0.000000 0.000000 

-2.029115 
 -0.612342 
0.118710 
0.472553 
-0.468334 
0.000000 
0.000000 
 6.200000 2.900000 4.300000 1.300000 0.000000 0.000000 


-16.898930 
 -3.277775 
0.160406 
0.380693 
-0.215154 
0.000000 
0.000000 
 5.700000 2.900000 4.200000 1.300000 0.000000 0.000000 

10.223551 
 2.356212 
-0.244205 
-0.812278 
0.702234 
0.000000 
0.000000 
 5.700000 2.900000 4.200000 1.300000 0.000000 0.000000 

-1.770200 
 -0.612342 
0.118710 
0.472553 
-0.468334 
0.000000 
0.000000 
 5.700000 2.900000 4.200000 1.300000 0.000000 0.000000 


-16.193844 
 -3.277775 
0.160406 
0.380693 
-0.215154 
0.000000 
0.000000 
 5.500000 2.600000 4.400000 1.200000 0.000000 0.000000 

9.592891 
 2.356212 
-0.244205 
-0.812278 
0.702234 
0.000000 
0.000000 
 5.500000 2.600000 4.400000 1.200000 0.000000 0.000000 

-1.542001 
 -0.612342 
0.118710 
0.472553 
-0.468334 
0.000000 
0.000000 
 5.500000 2.600000 4.400000 1.200000 0.000000 0.000000 


-16.383677 
 -3.277775 
0.160406 
0.380693 
-0.215154 
0.000000 
0.000000 
 5.500000 2.500000 4.000000 1.300000 0.000000 0.000000 

10.012446 
 2.356212 
-0.244205 
-0.812278 
0.702234 
0.000000 
0.000000 
 5.500000 2.500000 4.000000 1.300000 0.000000 0.000000 

-1.789726 
 -0.612342 
0.118710 
0.472553 
-0.468334 
0.000000 
0.000000 
 5.500000 2.500000 4.000000 1.300000 0.000000 0.000000 


-19.942172 
 -3.277775 
0.160406 
0.380693 
-0.215154 
0.000000 
0.000000 
 6.700000 3.000000 5.000000 1.700000 0.000000 0.000000 

12.186413 
 2.356212 
-0.244205 
-0.812278 
0.702234 
0.000000 
0.000000 
 6.700000 3.000000 5.000000 1.700000 0.000000 0.000000 

-2.179962 
 -0.612342 
0.118710 
0.472553 
-0.468334 
0.000000 
0.000000 
 6.700000 3.000000 5.000000 1.700000 0.000000 0.000000 


-17.811086 
 -3.277775 
0.160406 
0.380693 
-0.215154 
0.000000 
0.000000 
 6.000000 2.900000 4.500000 1.500000 0.000000 0.000000 

10.827178 
 2.356212 
-0.244205 
-0.812278 
0.702234 
0.000000 
0.000000 
 6.000000 2.900000 4.500000 1.500000 0.000000 0.000000 

-1.905803 
 -0.612342 
0.118710 
0.472553 
-0.468334 
0.000000 
0.000000 
 6.000000 2.900000 4.500000 1.500000 0.000000 0.000000 


-16.432825 
 -3.277775 
0.160406 
0.380693 
-0.215154 
0.000000 
0.000000 
 5.500000 2.400000 3.800000 1.100000 0.000000 0.000000 

10.058876 
 2.356212 
-0.244205 
-0.812278 
0.702234 
0.000000 
0.000000 
 5.500000 2.400000 3.800000 1.100000 0.000000 0.000000 

-1.802441 
 -0.612342 
0.118710 
0.472553 
-0.468334 
0.000000 
0.000000 
 5.500000 2.400000 3.800000 1.100000 0.000000 0.000000 


-16.449379 
 -3.277775 
0.160406 
0.380693 
-0.215154 
0.000000 
0.000000 
 5.500000 2.400000 3.700000 1.000000 0.000000 0.000000 

10.069880 
 2.356212 
-0.244205 
-0.812278 
0.702234 
0.000000 
0.000000 
 5.500000 2.400000 3.700000 1.000000 0.000000 0.000000 

-1.802863 
 -0.612342 
0.118710 
0.472553 
-0.468334 
0.000000 
0.000000 
 5.500000 2.400000 3.700000 1.000000 0.000000 0.000000 


-20.313624 
 -3.277775 
0.160406 
0.380693 
-0.215154 
0.000000 
0.000000 
 6.800000 2.800000 4.800000 1.400000 0.000000 0.000000 

12.422662 
 2.356212 
-0.244205 
-0.812278 
0.702234 
0.000000 
0.000000 
 6.800000 2.800000 4.800000 1.400000 0.000000 0.000000 

-2.218948 
 -0.612342 
0.118710 
0.472553 
-0.468334 
0.000000 
0.000000 
 6.800000 2.800000 4.800000 1.400000 0.000000 0.000000 


-17.636267 
 -3.277775 
0.160406 
0.380693 
-0.215154 
0.000000 
0.000000 
 6.000000 2.700000 5.100000 1.600000 0.000000 0.000000 

10.458876 
 2.356212 
-0.244205 
-0.812278 
0.702234 
0.000000 
0.000000 
 6.000000 2.700000 5.100000 1.600000 0.000000 0.000000 

-1.692847 
 -0.612342 
0.118710 
0.472553 
-0.468334 
0.000000 
0.000000 
 6.000000 2.700000 5.100000 1.600000 0.000000 0.000000 


-15.828381 
 -3.277775 
0.160406 
0.380693 
-0.215154 
0.000000 
0.000000 
 5.400000 3.000000 4.500000 1.500000 0.000000 0.000000 

9.389030 
 2.356212 
-0.244205 
-0.812278 
0.702234 
0.000000 
0.000000 
 5.400000 3.000000 4.500000 1.500000 0.000000 0.000000 

-1.526527 
 -0.612342 
0.118710 
0.472553 
-0.468334 
0.000000 
0.000000 
 5.400000 3.000000 4.500000 1.500000 0.000000 0.000000 


-18.014219 
 -3.277775 
0.160406 
0.380693 
-0.215154 
0.000000 
0.000000 
 6.100000 2.800000 4.700000 1.200000 0.000000 0.000000 

10.714094 
 2.356212 
-0.244205 
-0.812278 
0.702234 
0.000000 
0.000000 
 6.100000 2.800000 4.700000 1.200000 0.000000 0.000000 

-1.743898 
 -0.612342 
0.118710 
0.472553 
-0.468334 
0.000000 
0.000000 
 6.100000 2.800000 4.700000 1.200000 0.000000 0.000000 


-18.706305 
 -3.277775 
0.160406 
0.380693 
-0.215154 
0.000000 
0.000000 
 6.300000 2.500000 4.900000 1.500000 0.000000 0.000000 

11.306813 
 2.356212 
-0.244205 
-0.812278 
0.702234 
0.000000 
0.000000 
 6.300000 2.500000 4.900000 1.500000 0.000000 0.000000 

-1.947969 
 -0.612342 
0.118710 
0.472553 
-0.468334 
0.000000 
0.000000 
 6.300000 2.500000 4.900000 1.500000 0.000000 0.000000 


-16.483935 
 -3.277775 
0.160406 
0.380693 
-0.215154 
0.000000 
0.000000 
 5.600000 3.000000 4.500000 1.500000 0.000000 0.000000 

9.860272 
 2.356212 
-0.244205 
-0.812278 
0.702234 
0.000000 
0.000000 
 5.600000 3.000000 4.500000 1.500000 0.000000 0.000000 

-1.648995 
 -0.612342 
0.118710 
0.472553 
-0.468334 
0.000000 
0.000000 
 5.600000 3.000000 4.500000 1.500000 0.000000 0.000000 


-20.090001 
 -3.277775 
0.160406 
0.380693 
-0.215154 
0.000000 
0.000000 
 6.700000 3.100000 4.400000 1.400000 0.000000 0.000000 

12.438689 
 2.356212 
-0.244205 
-0.812278 
0.702234 
0.000000 
0.000000 
 6.700000 3.100000 4.400000 1.400000 0.000000 0.000000 

-2.311122 
 -0.612342 
0.118710 
0.472553 
-0.468334 
0.000000 
0.000000 
 6.700000 3.100000 4.400000 1.400000 0.000000 0.000000 


-16.799569 
 -3.277775 
0.160406 
0.380693 
-0.215154 
0.000000 
0.000000 
 5.600000 2.900000 3.600000 1.300000 0.000000 0.000000 

10.475296 
 2.356212 
-0.244205 
-0.812278 
0.702234 
0.000000 
0.000000 
 5.600000 2.900000 3.600000 1.300000 0.000000 0.000000 

-1.992497 
 -0.612342 
0.118710 
0.472553 
-0.468334 
0.000000 
0.000000 
 5.600000 2.900000 3.600000 1.300000 0.000000 0.000000 


-17.581477 
 -3.277775 
0.160406 
0.380693 
-0.215154 
0.000000 
0.000000 
 5.900000 3.000000 4.200000 1.500000 0.000000 0.000000 

10.810820 
 2.356212 
-0.244205 
-0.812278 
0.702234 
0.000000 
0.000000 
 5.900000 3.000000 4.200000 1.500000 0.000000 0.000000 

-1.974464 
 -0.612342 
0.118710 
0.472553 
-0.468334 
0.000000 
0.000000 
 5.900000 3.000000 4.200000 1.500000 0.000000 0.000000 


-14.950793 
 -3.277775 
0.160406 
0.380693 
-0.215154 
0.000000 
0.000000 
 5.000000 2.000000 3.500000 1.000000 0.000000 0.000000 

9.151912 
 2.356212 
-0.244205 
-0.812278 
0.702234 
0.000000 
0.000000 
 5.000000 2.000000 3.500000 1.000000 0.000000 0.000000 

-1.638687 
 -0.612342 
0.118710 
0.472553 
-0.468334 
0.000000 
0.000000 
 5.000000 2.000000 3.500000 1.000000 0.000000 0.000000 


-14.634991 
 -3.277775 
0.160406 
0.380693 
-0.215154 
0.000000 
0.000000 
 4.900000 2.400000 3.300000 1.000000 0.000000 0.000000 

8.981064 
 2.356212 
-0.244205 
-0.812278 
0.702234 
0.000000 
0.000000 
 4.900000 2.400000 3.300000 1.000000 0.000000 0.000000 

-1.624479 
 -0.612342 
0.118710 
0.472553 
-0.468334 
0.000000 
0.000000 
 4.900000 2.400000 3.300000 1.000000 0.000000 0.000000 


-16.800763 
 -3.277775 
0.160406 
0.380693 
-0.215154 
0.000000 
0.000000 
 5.700000 2.800000 4.500000 1.300000 0.000000 0.000000 

10.004288 
 2.356212 
-0.244205 
-0.812278 
0.702234 
0.000000 
0.000000 
 5.700000 2.800000 4.500000 1.300000 0.000000 0.000000 

-1.640305 
 -0.612342 
0.118710 
0.472553 
-0.468334 
0.000000 
0.000000 
 5.700000 2.800000 4.500000 1.300000 0.000000 0.000000 


-20.576726 
 -3.277775 
0.160406 
0.380693 
-0.215154 
0.000000 
0.000000 
 6.900000 3.100000 4.900000 1.500000 0.000000 0.000000 

12.574017 
 2.356212 
-0.244205 
-0.812278 
0.702234 
0.000000 
0.000000 
 6.900000 3.100000 4.900000 1.500000 0.000000 0.000000 

-2.244148 
 -0.612342 
0.118710 
0.472553 
-0.468334 
0.000000 
0.000000 
 6.900000 3.100000 4.900000 1.500000 0.000000 0.000000 


-20.943086 
 -3.277775 
0.160406 
0.380693 
-0.215154 
0.000000 
0.000000 
 7.000000 3.200000 4.700000 1.400000 0.000000 0.000000 

12.877450 
 2.356212 
-0.244205 
-0.812278 
0.702234 
0.000000 
0.000000 
 7.000000 3.200000 4.700000 1.400000 0.000000 0.000000 

-2.341188 
 -0.612342 
0.118710 
0.472553 
-0.468334 
0.000000 
0.000000 
 7.000000 3.200000 4.700000 1.400000 0.000000 0.000000 


-17.351483 
 -3.277775 
0.160406 
0.380693 
-0.215154 
0.000000 
0.000000 
 5.800000 2.700000 3.900000 1.200000 0.000000 0.000000 

10.681474 
 2.356212 
-0.244205 
-0.812278 
0.702234 
0.000000 
0.000000 
 5.800000 2.700000 3.900000 1.200000 0.000000 0.000000 

-1.950109 
 -0.612342 
0.118710 
0.472553 
-0.468334 
0.000000 
0.000000 
 5.800000 2.700000 3.900000 1.200000 0.000000 0.000000 


-19.155304 
 -3.277775 
0.160406 
0.380693 
-0.215154 
0.000000 
0.000000 
 6.400000 2.900000 4.300000 1.300000 0.000000 0.000000 

11.791672 
 2.356212 
-0.244205 
-0.812278 
0.702234 
0.000000 
0.000000 
 6.400000 2.900000 4.300000 1.300000 0.000000 0.000000 

-2.151584 
 -0.612342 
0.118710 
0.472553 
-0.468334 
0.000000 
0.000000 
 6.400000 2.900000 4.300000 1.300000 0.000000 0.000000 


-16.861374 
 -3.277775 
0.160406 
0.380693 
-0.215154 
0.000000 
0.000000 
 5.700000 3.000000 4.200000 1.200000 0.000000 0.000000 

10.128907 
 2.356212 
-0.244205 
-0.812278 
0.702234 
0.000000 
0.000000 
 5.700000 3.000000 4.200000 1.200000 0.000000 0.000000 

-1.711495 
 -0.612342 
0.118710 
0.472553 
-0.468334 
0.000000 
0.000000 
 5.700000 3.000000 4.200000 1.200000 0.000000 0.000000 


-16.603234 
 -3.277775 
0.160406 
0.380693 
-0.215154 
0.000000 
0.000000 
 5.600000 2.700000 4.200000 1.300000 0.000000 0.000000 

10.036771 
 2.356212 
-0.244205 
-0.812278 
0.702234 
0.000000 
0.000000 
 5.600000 2.700000 4.200000 1.300000 0.000000 0.000000 

-1.732708 
 -0.612342 
0.118710 
0.472553 
-0.468334 
0.000000 
0.000000 
 5.600000 2.700000 4.200000 1.300000 0.000000 0.000000 


-14.978809 
 -3.277775 
0.160406 
0.380693 
-0.215154 
0.000000 
0.000000 
 5.000000 2.300000 3.300000 1.000000 0.000000 0.000000 

9.241106 
 2.356212 
-0.244205 
-0.812278 
0.702234 
0.000000 
0.000000 
 5.000000 2.300000 3.300000 1.000000 0.000000 0.000000 

-1.697584 
 -0.612342 
0.118710 
0.472553 
-0.468334 
0.000000 
0.000000 
 5.000000 2.300000 3.300000 1.000000 0.000000 0.000000 


-17.329454 
 -3.277775 
0.160406 
0.380693 
-0.215154 
0.000000 
0.000000 
 5.800000 2.600000 4.000000 1.200000 0.000000 0.000000 

10.624666 
 2.356212 
-0.244205 
-0.812278 
0.702234 
0.000000 
0.000000 
 5.800000 2.600000 4.000000 1.200000 0.000000 0.000000 

-1.914724 
 -0.612342 
0.118710 
0.472553 
-0.468334 
0.000000 
0.000000 
 5.800000 2.600000 4.000000 1.200000 0.000000 0.000000 


-18.063238 
 -3.277775 
0.160406 
0.380693 
-0.215154 
0.000000 
0.000000 
 6.100000 3.000000 4.600000 1.400000 0.000000 0.000000 

10.886927 
 2.356212 
-0.244205 
-0.812278 
0.702234 
0.000000 
0.000000 
 6.100000 3.000000 4.600000 1.400000 0.000000 0.000000 

-1.861078 
 -0.612342 
0.118710 
0.472553 
-0.468334 
0.000000 
0.000000 
 6.100000 3.000000 4.600000 1.400000 0.000000 0.000000 


-16.593182 
 -3.277775 
0.160406 
0.380693 
-0.215154 
0.000000 
0.000000 
 5.600000 3.000000 4.100000 1.300000 0.000000 0.000000 

10.044737 
 2.356212 
-0.244205 
-0.812278 
0.702234 
0.000000 
0.000000 
 5.600000 3.000000 4.100000 1.300000 0.000000 0.000000 

-1.744350 
 -0.612342 
0.118710 
0.472553 
-0.468334 
0.000000 
0.000000 
 5.600000 3.000000 4.100000 1.300000 0.000000 0.000000 


-19.778264 
 -3.277775 
0.160406 
0.380693 
-0.215154 
0.000000 
0.000000 
 6.600000 3.000000 4.400000 1.400000 0.000000 0.000000 

12.227489 
 2.356212 
-0.244205 
-0.812278 
0.702234 
0.000000 
0.000000 
 6.600000 3.000000 4.400000 1.400000 0.000000 0.000000 

-2.261759 
 -0.612342 
0.118710 
0.472553 
-0.468334 
0.000000 
0.000000 
 6.600000 3.000000 4.400000 1.400000 0.000000 0.000000 


-17.148991 
 -3.277775 
0.160406 
0.380693 
-0.215154 
0.000000 
0.000000 
 5.700000 2.600000 3.500000 1.000000 0.000000 0.000000 

10.654736 
 2.356212 
-0.244205 
-0.812278 
0.702234 
0.000000 
0.000000 
 5.700000 2.600000 3.500000 1.000000 0.000000 0.000000 

-1.996100 
 -0.612342 
0.118710 
0.472553 
-0.468334 
0.000000 
0.000000 
 5.700000 2.600000 3.500000 1.000000 0.000000 0.000000 


-19.997309 
 -3.277775 
0.160406 
0.380693 
-0.215154 
0.000000 
0.000000 
 6.700000 3.100000 4.700000 1.500000 0.000000 0.000000 

12.265230 
 2.356212 
-0.244205 
-0.812278 
0.702234 
0.000000 
0.000000 
 6.700000 3.100000 4.700000 1.500000 0.000000 0.000000 

-2.216190 
 -0.612342 
0.118710 
0.472553 
-0.468334 
0.000000 
0.000000 
 6.700000 3.100000 4.700000 1.500000 0.000000 0.000000 


-17.752399 
 -3.277775 
0.160406 
0.380693 
-0.215154 
0.000000 
0.000000 
 6.000000 3.400000 4.500000 1.600000 0.000000 0.000000 

10.775299 
 2.356212 
-0.244205 
-0.812278 
0.702234 
0.000000 
0.000000 
 6.000000 3.400000 4.500000 1.600000 0.000000 0.000000 

-1.893281 
 -0.612342 
0.118710 
0.472553 
-0.468334 
0.000000 
0.000000 
 6.000000 3.400000 4.500000 1.600000 0.000000 0.000000 


-18.885702 
 -3.277775 
0.160406 
0.380693 
-0.215154 
0.000000 
0.000000 
 6.300000 2.300000 4.400000 1.300000 0.000000 0.000000 

11.621346 
 2.356212 
-0.244205 
-0.812278 
0.702234 
0.000000 
0.000000 
 6.300000 2.300000 4.400000 1.300000 0.000000 0.000000 

-2.114321 
 -0.612342 
0.118710 
0.472553 
-0.468334 
0.000000 
0.000000 
 6.300000 2.300000 4.400000 1.300000 0.000000 0.000000 


-15.410229 
 -3.277775 
0.160406 
0.380693 
-0.215154 
0.000000 
0.000000 
 5.100000 2.500000 3.000000 1.100000 0.000000 0.000000 

9.741792 
 2.356212 
-0.244205 
-0.812278 
0.702234 
0.000000 
0.000000 
 5.100000 2.500000 3.000000 1.100000 0.000000 0.000000 

-1.923676 
 -0.612342 
0.118710 
0.472553 
-0.468334 
0.000000 
0.000000 
 5.100000 2.500000 3.000000 1.100000 0.000000 0.000000 


-18.006140 
 -3.277775 
0.160406 
0.380693 
-0.215154 
0.000000 
0.000000 
 6.000000 2.200000 4.000000 1.000000 0.000000 0.000000 

11.053144 
 2.356212 
-0.244205 
-0.812278 
0.702234 
0.000000 
0.000000 
 6.000000 2.200000 4.000000 1.000000 0.000000 0.000000 

-1.991010 
 -0.612342 
0.118710 
0.472553 
-0.468334 
0.000000 
0.000000 
 6.000000 2.200000 4.000000 1.000000 0.000000 0.000000 


-17.733024 
 -3.277775 
0.160406 
0.380693 
-0.215154 
0.000000 
0.000000 
 6.000000 2.200000 5.000000 1.500000 0.000000 0.000000 

10.591983 
 2.356212 
-0.244205 
-0.812278 
0.702234 
0.000000 
0.000000 
 6.000000 2.200000 5.000000 1.500000 0.000000 0.000000 

-1.752624 
 -0.612342 
0.118710 
0.472553 
-0.468334 
0.000000 
0.000000 
 6.000000 2.200000 5.000000 1.500000 0.000000 0.000000 


-22.689886 
 -3.277775 
0.160406 
0.380693 
-0.215154 
0.000000 
0.000000 
 7.700000 2.600000 6.900000 2.300000 0.000000 0.000000 

13.518320 
 2.356212 
-0.244205 
-0.812278 
0.702234 
0.000000 
0.000000 
 7.700000 2.600000 6.900000 2.300000 0.000000 0.000000 

-2.222938 
 -0.612342 
0.118710 
0.472553 
-0.468334 
0.000000 
0.000000 
 7.700000 2.600000 6.900000 2.300000 0.000000 0.000000 


-19.117787 
 -3.277775 
0.160406 
0.380693 
-0.215154 
0.000000 
0.000000 
 6.500000 3.000000 5.500000 1.800000 0.000000 0.000000 

11.379256 
 2.356212 
-0.244205 
-0.812278 
0.702234 
0.000000 
0.000000 
 6.500000 3.000000 5.500000 1.800000 0.000000 0.000000 

-1.868050 
 -0.612342 
0.118710 
0.472553 
-0.468334 
0.000000 
0.000000 
 6.500000 3.000000 5.500000 1.800000 0.000000 0.000000 


-21.189801 
 -3.277775 
0.160406 
0.380693 
-0.215154 
0.000000 
0.000000 
 7.200000 3.200000 6.000000 1.800000 0.000000 0.000000 

12.573624 
 2.356212 
-0.244205 
-0.812278 
0.702234 
0.000000 
0.000000 
 7.200000 3.200000 6.000000 1.800000 0.000000 0.000000 

-2.036671 
 -0.612342 
0.118710 
0.472553 
-0.468334 
0.000000 
0.000000 
 7.200000 3.200000 6.000000 1.800000 0.000000 0.000000 


-18.935785 
 -3.277775 
0.160406 
0.380693 
-0.215154 
0.000000 
0.000000 
 6.400000 2.700000 5.300000 1.900000 0.000000 0.000000 

11.449575 
 2.356212 
-0.244205 
-0.812278 
0.702234 
0.000000 
0.000000 
 6.400000 2.700000 5.300000 1.900000 0.000000 0.000000 

-1.983773 
 -0.612342 
0.118710 
0.472553 
-0.468334 
0.000000 
0.000000 
 6.400000 2.700000 5.300000 1.900000 0.000000 0.000000 


-21.238177 
 -3.277775 
0.160406 
0.380693 
-0.215154 
0.000000 
0.000000 
 7.200000 3.600000 6.100000 2.500000 0.000000 0.000000 

12.886278 
 2.356212 
-0.244205 
-0.812278 
0.702234 
0.000000 
0.000000 
 7.200000 3.600000 6.100000 2.500000 0.000000 0.000000 

-2.269766 
 -0.612342 
0.118710 
0.472553 
-0.468334 
0.000000 
0.000000 
 7.200000 3.600000 6.100000 2.500000 0.000000 0.000000 


-19.739336 
 -3.277775 
0.160406 
0.380693 
-0.215154 
0.000000 
0.000000 
 6.700000 2.500000 5.800000 1.800000 0.000000 0.000000 

11.728917 
 2.356212 
-0.244205 
-0.812278 
0.702234 
0.000000 
0.000000 
 6.700000 2.500000 5.800000 1.800000 0.000000 0.000000 

-1.908108 
 -0.612342 
0.118710 
0.472553 
-0.468334 
0.000000 
0.000000 
 6.700000 2.500000 5.800000 1.800000 0.000000 0.000000 


-14.312727 
 -3.277775 
0.160406 
0.380693 
-0.215154 
0.000000 
0.000000 
 4.900000 2.500000 4.500000 1.700000 0.000000 0.000000 

8.473474 
 2.356212 
-0.244205 
-0.812278 
0.702234 
0.000000 
0.000000 
 4.900000 2.500000 4.500000 1.700000 0.000000 0.000000 

-1.373379 
 -0.612342 
0.118710 
0.472553 
-0.468334 
0.000000 
0.000000 
 4.900000 2.500000 4.500000 1.700000 0.000000 0.000000 


-22.369123 
 -3.277775 
0.160406 
0.380693 
-0.215154 
0.000000 
0.000000 
 7.600000 3.000000 6.600000 2.100000 0.000000 0.000000 

13.288254 
 2.356212 
-0.244205 
-0.812278 
0.702234 
0.000000 
0.000000 
 7.600000 3.000000 6.600000 2.100000 0.000000 0.000000 

-2.162318 
 -0.612342 
0.118710 
0.472553 
-0.468334 
0.000000 
0.000000 
 7.600000 3.000000 6.600000 2.100000 0.000000 0.000000 


-18.440204 
 -3.277775 
0.160406 
0.380693 
-0.215154 
0.000000 
0.000000 
 6.300000 2.900000 5.600000 1.800000 0.000000 0.000000 

10.851207 
 2.356212 
-0.244205 
-0.812278 
0.702234 
0.000000 
0.000000 
 6.300000 2.900000 5.600000 1.800000 0.000000 0.000000 

-1.710198 
 -0.612342 
0.118710 
0.472553 
-0.468334 
0.000000 
0.000000 
 6.300000 2.900000 5.600000 1.800000 0.000000 0.000000 


-20.996721 
 -3.277775 
0.160406 
0.380693 
-0.215154 
0.000000 
0.000000 
 7.100000 3.000000 5.900000 2.100000 0.000000 0.000000 

12.678742 
 2.356212 
-0.244205 
-0.812278 
0.702234 
0.000000 
0.000000 
 7.100000 3.000000 5.900000 2.100000 0.000000 0.000000 

-2.186934 
 -0.612342 
0.118710 
0.472553 
-0.468334 
0.000000 
0.000000 
 7.100000 3.000000 5.900000 2.100000 0.000000 0.000000 


-17.303399 
 -3.277775 
0.160406 
0.380693 
-0.215154 
0.000000 
0.000000 
 5.900000 3.000000 5.100000 1.800000 0.000000 0.000000 

10.290440 
 2.356212 
-0.244205 
-0.812278 
0.702234 
0.000000 
0.000000 
 5.900000 3.000000 5.100000 1.800000 0.000000 0.000000 

-1.689667 
 -0.612342 
0.118710 
0.472553 
-0.468334 
0.000000 
0.000000 
 5.900000 3.000000 5.100000 1.800000 0.000000 0.000000 


-18.215937 
 -3.277775 
0.160406 
0.380693 
-0.215154 
0.000000 
0.000000 
 6.200000 3.400000 5.400000 2.300000 0.000000 0.000000 

11.007054 
 2.356212 
-0.244205 
-0.812278 
0.702234 
0.000000 
0.000000 
 6.200000 3.400000 5.400000 2.300000 0.000000 0.000000 

-1.918286 
 -0.612342 
0.118710 
0.472553 
-0.468334 
0.000000 
0.000000 
 6.200000 3.400000 5.400000 2.300000 0.000000 0.000000 


-18.754297 
 -3.277775 
0.160406 
0.380693 
-0.215154 
0.000000 
0.000000 
 6.300000 2.500000 5.000000 1.900000 0.000000 0.000000 

11.506479 
 2.356212 
-0.244205 
-0.812278 
0.702234 
0.000000 
0.000000 
 6.300000 2.500000 5.000000 1.900000 0.000000 0.000000 

-2.088047 
 -0.612342 
0.118710 
0.472553 
-0.468334 
0.000000 
0.000000 
 6.300000 2.500000 5.000000 1.900000 0.000000 0.000000 


-19.995126 
 -3.277775 
0.160406 
0.380693 
-0.215154 
0.000000 
0.000000 
 6.700000 3.000000 5.200000 2.300000 0.000000 0.000000 

12.445298 
 2.356212 
-0.244205 
-0.812278 
0.702234 
0.000000 
0.000000 
 6.700000 3.000000 5.200000 2.300000 0.000000 0.000000 

-2.366452 
 -0.612342 
0.118710 
0.472553 
-0.468334 
0.000000 
0.000000 
 6.700000 3.000000 5.200000 2.300000 0.000000 0.000000 


-19.799689 
 -3.277775 
0.160406 
0.380693 
-0.215154 
0.000000 
0.000000 
 6.700000 3.300000 5.700000 2.500000 0.000000 0.000000 

12.106344 
 2.356212 
-0.244205 
-0.812278 
0.702234 
0.000000 
0.000000 
 6.700000 3.300000 5.700000 2.500000 0.000000 0.000000 

-2.188229 
 -0.612342 
0.118710 
0.472553 
-0.468334 
0.000000 
0.000000 
 6.700000 3.300000 5.700000 2.500000 0.000000 0.000000 


-17.045259 
 -3.277775 
0.160406 
0.380693 
-0.215154 
0.000000 
0.000000 
 5.800000 2.700000 5.100000 1.900000 0.000000 0.000000 

10.198304 
 2.356212 
-0.244205 
-0.812278 
0.702234 
0.000000 
0.000000 
 5.800000 2.700000 5.100000 1.900000 0.000000 0.000000 

-1.710879 
 -0.612342 
0.118710 
0.472553 
-0.468334 
0.000000 
0.000000 
 5.800000 2.700000 5.100000 1.900000 0.000000 0.000000 


-19.848324 
 -3.277775 
0.160406 
0.380693 
-0.215154 
0.000000 
0.000000 
 6.700000 3.100000 5.600000 2.400000 0.000000 0.000000 

12.166190 
 2.356212 
-0.244205 
-0.812278 
0.702234 
0.000000 
0.000000 
 6.700000 3.100000 5.600000 2.400000 0.000000 0.000000 

-2.212393 
 -0.612342 
0.118710 
0.472553 
-0.468334 
0.000000 
0.000000 
 6.700000 3.100000 5.600000 2.400000 0.000000 0.000000 


-20.515472 
 -3.277775 
0.160406 
0.380693 
-0.215154 
0.000000 
0.000000 
 6.900000 3.100000 5.400000 2.100000 0.000000 0.000000 

12.589218 
 2.356212 
-0.244205 
-0.812278 
0.702234 
0.000000 
0.000000 
 6.900000 3.100000 5.400000 2.100000 0.000000 0.000000 

-2.288872 
 -0.612342 
0.118710 
0.472553 
-0.468334 
0.000000 
0.000000 
 6.900000 3.100000 5.400000 2.100000 0.000000 0.000000 


-17.745384 
 -3.277775 
0.160406 
0.380693 
-0.215154 
0.000000 
0.000000 
 6.000000 3.000000 4.800000 1.800000 0.000000 0.000000 

10.769744 
 2.356212 
-0.244205 
-0.812278 
0.702234 
0.000000 
0.000000 
 6.000000 3.000000 4.800000 1.800000 0.000000 0.000000 

-1.892667 
 -0.612342 
0.118710 
0.472553 
-0.468334 
0.000000 
0.000000 
 6.000000 3.000000 4.800000 1.800000 0.000000 0.000000 


-22.930278 
 -3.277775 
0.160406 
0.380693 
-0.215154 
0.000000 
0.000000 
 7.700000 3.000000 6.100000 2.300000 0.000000 0.000000 

14.070460 
 2.356212 
-0.244205 
-0.812278 
0.702234 
0.000000 
0.000000 
 7.700000 3.000000 6.100000 2.300000 0.000000 0.000000 

-2.553496 
 -0.612342 
0.118710 
0.472553 
-0.468334 
0.000000 
0.000000 
 7.700000 3.000000 6.100000 2.300000 0.000000 0.000000 


-17.746708 
 -3.277775 
0.160406 
0.380693 
-0.215154 
0.000000 
0.000000 
 6.100000 2.600000 5.600000 1.400000 0.000000 0.000000 

10.172332 
 2.356212 
-0.244205 
-0.812278 
0.702234 
0.000000 
0.000000 
 6.100000 2.600000 5.600000 1.400000 0.000000 0.000000 

-1.436009 
 -0.612342 
0.118710 
0.472553 
-0.468334 
0.000000 
0.000000 
 6.100000 2.600000 5.600000 1.400000 0.000000 0.000000 


-18.848568 
 -3.277775 
0.160406 
0.380693 
-0.215154 
0.000000 
0.000000 
 6.400000 2.800000 5.600000 2.100000 0.000000 0.000000 

11.321918 
 2.356212 
-0.244205 
-0.812278 
0.702234 
0.000000 
0.000000 
 6.400000 2.800000 5.600000 2.100000 0.000000 0.000000 

-1.923803 
 -0.612342 
0.118710 
0.472553 
-0.468334 
0.000000 
0.000000 
 6.400000 2.800000 5.600000 2.100000 0.000000 0.000000 


-18.773969 
 -3.277775 
0.160406 
0.380693 
-0.215154 
0.000000 
0.000000 
 6.400000 3.100000 5.500000 1.800000 0.000000 0.000000 

11.119214 
 2.356212 
-0.244205 
-0.812278 
0.702234 
0.000000 
0.000000 
 6.400000 3.100000 5.500000 1.800000 0.000000 0.000000 

-1.794945 
 -0.612342 
0.118710 
0.472553 
-0.468334 
0.000000 
0.000000 
 6.400000 3.100000 5.500000 1.800000 0.000000 0.000000 


-19.713627 
 -3.277775 
0.160406 
0.380693 
-0.215154 
0.000000 
0.000000 
 6.700000 3.300000 5.700000 2.100000 0.000000 0.000000 

11.825451 
 2.356212 
-0.244205 
-0.812278 
0.702234 
0.000000 
0.000000 
 6.700000 3.300000 5.700000 2.100000 0.000000 0.000000 

-2.000895 
 -0.612342 
0.118710 
0.472553 
-0.468334 
0.000000 
0.000000 
 6.700000 3.300000 5.700000 2.100000 0.000000 0.000000 


-20.165666 
 -3.277775 
0.160406 
0.380693 
-0.215154 
0.000000 
0.000000 
 6.800000 3.000000 5.500000 2.100000 0.000000 0.000000 

12.296790 
 2.356212 
-0.244205 
-0.812278 
0.702234 
0.000000 
0.000000 
 6.800000 3.000000 5.500000 2.100000 0.000000 0.000000 

-2.192253 
 -0.612342 
0.118710 
0.472553 
-0.468334 
0.000000 
0.000000 
 6.800000 3.000000 5.500000 2.100000 0.000000 0.000000 


-18.738770 
 -3.277775 
0.160406 
0.380693 
-0.215154 
0.000000 
0.000000 
 6.300000 2.700000 4.900000 1.800000 0.000000 0.000000 

11.468642 
 2.356212 
-0.244205 
-0.812278 
0.702234 
0.000000 
0.000000 
 6.300000 2.700000 4.900000 1.800000 0.000000 0.000000 

-2.064727 
 -0.612342 
0.118710 
0.472553 
-0.468334 
0.000000 
0.000000 
 6.300000 2.700000 4.900000 1.800000 0.000000 0.000000 


-22.669397 
 -3.277775 
0.160406 
0.380693 
-0.215154 
0.000000 
0.000000 
 7.700000 2.800000 6.700000 2.000000 0.000000 0.000000 

13.421265 
 2.356212 
-0.244205 
-0.812278 
0.702234 
0.000000 
0.000000 
 7.700000 2.800000 6.700000 2.000000 0.000000 0.000000 

-2.153206 
 -0.612342 
0.118710 
0.472553 
-0.468334 
0.000000 
0.000000 
 7.700000 2.800000 6.700000 2.000000 0.000000 0.000000 


-16.471317 
 -3.277775 
0.160406 
0.380693 
-0.215154 
0.000000 
0.000000 
 5.600000 2.800000 4.900000 2.000000 0.000000 0.000000 

9.935319 
 2.356212 
-0.244205 
-0.812278 
0.702234 
0.000000 
0.000000 
 5.600000 2.800000 4.900000 2.000000 0.000000 0.000000 

-1.717884 
 -0.612342 
0.118710 
0.472553 
-0.468334 
0.000000 
0.000000 
 5.600000 2.800000 4.900000 2.000000 0.000000 0.000000 


-20.428255 
 -3.277775 
0.160406 
0.380693 
-0.215154 
0.000000 
0.000000 
 6.900000 3.200000 5.700000 2.300000 0.000000 0.000000 

12.461561 
 2.356212 
-0.244205 
-0.812278 
0.702234 
0.000000 
0.000000 
 6.900000 3.200000 5.700000 2.300000 0.000000 0.000000 

-2.228902 
 -0.612342 
0.118710 
0.472553 
-0.468334 
0.000000 
0.000000 
 6.900000 3.200000 5.700000 2.300000 0.000000 0.000000 


-22.552022 
 -3.277775 
0.160406 
0.380693 
-0.215154 
0.000000 
0.000000 
 7.700000 3.800000 6.700000 2.200000 0.000000 0.000000 

13.317506 
 2.356212 
-0.244205 
-0.812278 
0.702234 
0.000000 
0.000000 
 7.700000 3.800000 6.700000 2.200000 0.000000 0.000000 

-2.128162 
 -0.612342 
0.118710 
0.472553 
-0.468334 
0.000000 
0.000000 
 7.700000 3.800000 6.700000 2.200000 0.000000 0.000000 


-18.941644 
 -3.277775 
0.160406 
0.380693 
-0.215154 
0.000000 
0.000000 
 6.400000 3.200000 5.300000 2.300000 0.000000 0.000000 

11.608366 
 2.356212 
-0.244205 
-0.812278 
0.702234 
0.000000 
0.000000 
 6.400000 3.200000 5.300000 2.300000 0.000000 0.000000 

-2.111752 
 -0.612342 
0.118710 
0.472553 
-0.468334 
0.000000 
0.000000 
 6.400000 3.200000 5.300000 2.300000 0.000000 0.000000 


-17.136796 
 -3.277775 
0.160406 
0.380693 
-0.215154 
0.000000 
0.000000 
 5.800000 2.800000 5.100000 2.400000 0.000000 0.000000 

10.525000 
 2.356212 
-0.244205 
-0.812278 
0.702234 
0.000000 
0.000000 
 5.800000 2.800000 5.100000 2.400000 0.000000 0.000000 

-1.933175 
 -0.612342 
0.118710 
0.472553 
-0.468334 
0.000000 
0.000000 
 5.800000 2.800000 5.100000 2.400000 0.000000 0.000000 


-16.809146 
 -3.277775 
0.160406 
0.380693 
-0.215154 
0.000000 
0.000000 
 5.700000 2.500000 5.000000 2.000000 0.000000 0.000000 

10.162974 
 2.356212 
-0.244205 
-0.812278 
0.702234 
0.000000 
0.000000 
 5.700000 2.500000 5.000000 2.000000 0.000000 0.000000 

-1.767476 
 -0.612342 
0.118710 
0.472553 
-0.468334 
0.000000 
0.000000 
 5.700000 2.500000 5.000000 2.000000 0.000000 0.000000 


-19.281014 
 -3.277775 
0.160406 
0.380693 
-0.215154 
0.000000 
0.000000 
 6.500000 3.200000 5.100000 2.000000 0.000000 0.000000 

11.795773 
 2.356212 
-0.244205 
-0.812278 
0.702234 
0.000000 
0.000000 
 6.500000 3.200000 5.100000 2.000000 0.000000 0.000000 

-2.126996 
 -0.612342 
0.118710 
0.472553 
-0.468334 
0.000000 
0.000000 
 6.500000 3.200000 5.100000 2.000000 0.000000 0.000000 


-21.451494 
 -3.277775 
0.160406 
0.380693 
-0.215154 
0.000000 
0.000000 
 7.300000 2.900000 6.300000 1.800000 0.000000 0.000000 

12.638824 
 2.356212 
-0.244205 
-0.812278 
0.702234 
0.000000 
0.000000 
 7.300000 2.900000 6.300000 1.800000 0.000000 0.000000 

-1.991753 
 -0.612342 
0.118710 
0.472553 
-0.468334 
0.000000 
0.000000 
 7.300000 2.900000 6.300000 1.800000 0.000000 0.000000 


-18.433020 
 -3.277775 
0.160406 
0.380693 
-0.215154 
0.000000 
0.000000 
 6.200000 2.800000 4.800000 1.800000 0.000000 0.000000 

11.289827 
 2.356212 
-0.244205 
-0.812278 
0.702234 
0.000000 
0.000000 
 6.200000 2.800000 4.800000 1.800000 0.000000 0.000000 

-2.038877 
 -0.612342 
0.118710 
0.472553 
-0.468334 
0.000000 
0.000000 
 6.200000 2.800000 4.800000 1.800000 0.000000 0.000000 


-17.045259 
 -3.277775 
0.160406 
0.380693 
-0.215154 
0.000000 
0.000000 
 5.800000 2.700000 5.100000 1.900000 0.000000 0.000000 

10.198304 
 2.356212 
-0.244205 
-0.812278 
0.702234 
0.000000 
0.000000 
 5.800000 2.700000 5.100000 1.900000 0.000000 0.000000 

-1.710879 
 -0.612342 
0.118710 
0.472553 
-0.468334 
0.000000 
0.000000 
 5.800000 2.700000 5.100000 1.900000 0.000000 0.000000 


-18.374372 
 -3.277775 
0.160406 
0.380693 
-0.215154 
0.000000 
0.000000 
 6.300000 3.300000 6.000000 2.500000 0.000000 0.000000 

10.920177 
 2.356212 
-0.244205 
-0.812278 
0.702234 
0.000000 
0.000000 
 6.300000 3.300000 6.000000 2.500000 0.000000 0.000000 

-1.801527 
 -0.612342 
0.118710 
0.472553 
-0.468334 
0.000000 
0.000000 
 6.300000 3.300000 6.000000 2.500000 0.000000 0.000000 


-19.275026 
 -3.277775 
0.160406 
0.380693 
-0.215154 
0.000000 
0.000000 
 6.500000 3.000000 5.200000 2.000000 0.000000 0.000000 

11.763386 
 2.356212 
-0.244205 
-0.812278 
0.702234 
0.000000 
0.000000 
 6.500000 3.000000 5.200000 2.000000 0.000000 0.000000 

-2.103483 
 -0.612342 
0.118710 
0.472553 
-0.468334 
0.000000 
0.000000 
 6.500000 3.000000 5.200000 2.000000 0.000000 0.000000 


-20.024339 
 -3.277775 
0.160406 
0.380693 
-0.215154 
0.000000 
0.000000 
 6.800000 3.200000 5.900000 2.300000 0.000000 0.000000 

12.063484 
 2.356212 
-0.244205 
-0.812278 
0.702234 
0.000000 
0.000000 
 6.800000 3.200000 5.900000 2.300000 0.000000 0.000000 

-2.073157 
 -0.612342 
0.118710 
0.472553 
-0.468334 
0.000000 
0.000000 
 6.800000 3.200000 5.900000 2.300000 0.000000 0.000000 


-20.672711 
 -3.277775 
0.160406 
0.380693 
-0.215154 
0.000000 
0.000000 
 6.900000 3.100000 5.100000 2.300000 0.000000 0.000000 

12.973348 
 2.356212 
-0.244205 
-0.812278 
0.702234 
0.000000 
0.000000 
 6.900000 3.100000 5.100000 2.300000 0.000000 0.000000 

-2.524305 
 -0.612342 
0.118710 
0.472553 
-0.468334 
0.000000 
0.000000 
 6.900000 3.100000 5.100000 2.300000 0.000000 0.000000 


-18.489093 
 -3.277775 
0.160406 
0.380693 
-0.215154 
0.000000 
0.000000 
 6.300000 3.400000 5.600000 2.400000 0.000000 0.000000 

11.150444 
 2.356212 
-0.244205 
-0.812278 
0.702234 
0.000000 
0.000000 
 6.300000 3.400000 5.600000 2.400000 0.000000 0.000000 

-1.931843 
 -0.612342 
0.118710 
0.472553 
-0.468334 
0.000000 
0.000000 
 6.300000 3.400000 5.600000 2.400000 0.000000 0.000000 


-18.582044 
 -3.277775 
0.160406 
0.380693 
-0.215154 
0.000000 
0.000000 
 6.300000 2.800000 5.100000 1.500000 0.000000 0.000000 

11.071096 
 2.356212 
-0.244205 
-0.812278 
0.702234 
0.000000 
0.000000 
 6.300000 2.800000 5.100000 1.500000 0.000000 0.000000 

-1.817845 
 -0.612342 
0.118710 
0.472553 
-0.468334 
0.000000 
0.000000 
 6.300000 2.800000 5.100000 1.500000 0.000000 0.000000 


-18.870083 
 -3.277775 
0.160406 
0.380693 
-0.215154 
0.000000 
0.000000 
 6.400000 2.800000 5.600000 2.200000 0.000000 0.000000 

11.392142 
 2.356212 
-0.244205 
-0.812278 
0.702234 
0.000000 
0.000000 
 6.400000 2.800000 5.600000 2.200000 0.000000 0.000000 

-1.970637 
 -0.612342 
0.118710 
0.472553 
-0.468334 
0.000000 
0.000000 
 6.400000 2.800000 5.600000 2.200000 0.000000 0.000000 


-23.278755 
 -3.277775 
0.160406 
0.380693 
-0.215154 
0.000000 
0.000000 
 7.900000 3.800000 6.400000 2.000000 0.000000 0.000000 

13.891986 
 2.356212 
-0.244205 
-0.812278 
0.702234 
0.000000 
0.000000 
 7.900000 3.800000 6.400000 2.000000 0.000000 0.000000 

-2.298730 
 -0.612342 
0.118710 
0.472553 
-0.468334 
0.000000 
0.000000 
 7.900000 3.800000 6.400000 2.000000 0.000000 0.000000 


-21.892966 
 -3.277775 
0.160406 
0.380693 
-0.215154 
0.000000 
0.000000 
 7.400000 2.800000 6.100000 1.900000 0.000000 0.000000 

13.131545 
 2.356212 
-0.244205 
-0.812278 
0.702234 
0.000000 
0.000000 
 7.400000 2.800000 6.100000 1.900000 0.000000 0.000000 

-2.206202 
 -0.612342 
0.118710 
0.472553 
-0.468334 
0.000000 
0.000000 
 7.400000 2.800000 6.100000 1.900000 0.000000 0.000000 


-21.254990 
 -3.277775 
0.160406 
0.380693 
-0.215154 
0.000000 
0.000000 
 7.200000 3.000000 5.800000 1.600000 0.000000 0.000000 

12.644474 
 2.356212 
-0.244205 
-0.812278 
0.702234 
0.000000 
0.000000 
 7.200000 3.000000 5.800000 1.600000 0.000000 0.000000 

-2.061257 
 -0.612342 
0.118710 
0.472553 
-0.468334 
0.000000 
0.000000 
 7.200000 3.000000 5.800000 1.600000 0.000000 0.000000 


-18.035092 
 -3.277775 
0.160406 
0.380693 
-0.215154 
0.000000 
0.000000 
 6.100000 3.000000 4.900000 1.800000 0.000000 0.000000 

10.924137 
 2.356212 
-0.244205 
-0.812278 
0.702234 
0.000000 
0.000000 
 6.100000 3.000000 4.900000 1.800000 0.000000 0.000000 

-1.906645 
 -0.612342 
0.118710 
0.472553 
-0.468334 
0.000000 
0.000000 
 6.100000 3.000000 4.900000 1.800000 0.000000 0.000000 


-19.089641 
 -3.277775 
0.160406 
0.380693 
-0.215154 
0.000000 
0.000000 
 6.500000 3.000000 5.800000 2.200000 0.000000 0.000000 

11.416466 
 2.356212 
-0.244205 
-0.812278 
0.702234 
0.000000 
0.000000 
 6.500000 3.000000 5.800000 2.200000 0.000000 0.000000 

-1.913618 
 -0.612342 
0.118710 
0.472553 
-0.468334 
0.000000 
0.000000 
 6.500000 3.000000 5.800000 2.200000 0.000000 0.000000 


-3.277775 2.356212 -0.612342 
0.160406 -0.244205 0.118710 
0.380693 -0.812278 0.472553 
-0.215154 0.702234 -0.468334 
1.351200 -1.222311 -0.077007 

T 50
F 100
